9
ret: 0.676810510504184
mtx:
 [[1.09358481e+03 0.00000000e+00 5.12119524e+02]
 [0.00000000e+00 1.08983166e+03 6.61345525e+02]
 [0.00000000e+00 0.00000000e+00 1.00000000e+00]]
dist:
 [[ 2.28222760e-01 -1.13057727e+00  3.14046225e-04  3.14370681e-03
   1.82180329e+00]]
rvecs:
 (array([[ 0.03109156],
       [-0.04620055],
       [-1.56527999]]), array([[0.18700327],
       [0.34030143],
       [1.5428381 ]]), array([[ 0.02622124],
       [-0.04367909],
       [-1.56388835]]), array([[ 0.33639368],
       [-0.28056821],
       [-1.53951773]]), array([[-0.12505357],
       [-0.31084859],
       [-1.49999711]]), array([[ 0.2642645 ],
       [ 0.08189567],
       [-1.57076159]]), array([[-0.09032207],
       [ 0.49049095],
       [ 1.68323896]]), array([[ 0.17674566],
       [-0.26480679],
       [ 1.30391847]]), array([[-0.02137925],
       [-0.41088318],
       [-1.59800788]]))
tvecs:
 (array([[-4.18996694],
       [ 6.02079317],
       [13.90921132]]), array([[ 3.3064848 ],
       [-6.06143046],
       [13.08097129]]), array([[-4.26964258],
       [ 6.04088397],
       [13.39839775]]), array([[-4.36579356],
       [ 5.87944779],
       [12.73622813]]), array([[-3.87800552],
       [ 4.87387064],
       [11.94782467]]), array([[-4.00825791],
       [ 6.52901841],
       [14.22960316]]), array([[ 5.09270767],
       [-5.96927406],
       [15.56000042]]), array([[ 2.90242857],
       [-5.83392557],
       [13.21205962]]), array([[-3.7852819 ],
       [ 5.80329229],
       [12.4073956 ]]))
-----------------------------------------------------
[[1.10838916e+03 0.00000000e+00 5.13796472e+02]
 [0.00000000e+00 1.11141724e+03 6.61637500e+02]
 [0.00000000e+00 0.00000000e+00 1.00000000e+00]]
------------------use undistort-------------------
dst: (1271, 947, 3)
